[32,32,16,16,6,-1,3,4,2,2,1]
[32,0,-16,-4,2,5,1,-1,-2,0,1]
[32,16,0,4,2,1,1,1,0,1,1]
[32,32,8,0,6,9,3,0,1,2,1]
[32,-48,16,8,2,-9,1,2,2,-3,1]
[32,32,8,0,-2,-3,-1,0,1,2,1]
[32,-16,0,0,8,-5,4,0,0,-1,1]
[32,-32,32,-12,2,3,1,-3,4,-2,1]
[32,32,8,0,-6,-9,-3,0,1,2,1]
[32,32,32,32,22,17,11,8,4,2,1]
[32,32,24,4,-4,-7,-2,1,3,2,1]
[32,16,0,-8,-4,-5,-2,-2,0,1,1]
[32,0,0,-8,2,5,1,-2,0,0,1]
[32,-32,0,16,-6,1,-3,4,0,-2,1]
[32,32,8,0,-10,-15,-5,0,1,2,1]
[32,-32,8,0,-10,15,-5,0,1,-2,1]
[32,-32,8,0,2,-3,1,0,1,-2,1]
[32,32,0,-16,-6,-1,-3,-4,0,2,1]
[32,0,-16,4,2,-5,1,1,-2,0,1]
[32,64,48,20,14,13,7,5,6,4,1]
[32,-32,8,0,-6,9,-3,0,1,-2,1]
[32,-32,8,0,6,-9,3,0,1,-2,1]
[32,-32,32,-32,22,-17,11,-8,4,-2,1]
[32,-32,16,-24,16,-5,8,-6,2,-2,1]
[32,32,8,0,10,15,5,0,1,2,1]
[32,-32,24,-4,-4,7,-2,-1,3,-2,1]
[32,16,0,0,8,5,4,0,0,1,1]
[32,32,16,24,16,5,8,6,2,2,1]
[32,0,-8,0,2,1,1,0,-1,0,1]
[32,-16,0,8,-4,5,-2,2,0,-1,1]
[32,0,-8,-12,4,1,2,-3,-1,0,1]
[32,-32,8,0,10,-15,5,0,1,-2,1]
[32,-64,48,-20,14,-13,7,-5,6,-4,1]
[32,32,8,0,2,3,1,0,1,2,1]
[32,-32,8,0,-2,3,-1,0,1,-2,1]
[32,48,16,-8,2,9,1,-2,2,3,1]
[32,-32,16,-16,6,1,3,-4,2,-2,1]
[32,0,-8,12,4,-1,2,3,-1,0,1]
